Date	Size	Institute	CDU	SPD	GRUENE	FDP	LINKE	AFD	SONSTIGE
29.07.2017	1921	Emnid	38	24	8	8	9	9	4
22.07.2017	2349	Emnid	38	25	8	8	9	8	4
15.07.2017	1263	Emnid	38	25	8	7	9	8	5
08.07.2017	1878	Emnid	38	25	8	8	9	7	5
01.07.2017	936	Emnid	39	24	8	8	9	7	5
24.06.2017	1363	Emnid	39	24	8	7	9	8	5
17.06.2017	2054	Emnid	39	25	7	7	9	8	5
10.06.2017	1398	Emnid	39	25	8	7	9	8	4
03.06.2017	1838	Emnid	38	27	7	7	8	8	5
27.05.2017	1703	Emnid	38	25	8	8	8	8	5
20.05.2017	2413	Emnid	38	26	7	7	9	8	5
13.05.2017	1837	Emnid	37	27	8	6	10	8	4
06.05.2017	1935	Emnid	36	28	7	6	9	9	5
29.04.2017	2439	Emnid	36	29	7	6	9	9	4
22.04.2017	1412	Emnid	36	31	6	5	9	9	4
15.04.2017	2436	Emnid	35	31	7	6	9	9	3
08.04.2017	1958	Emnid	35	33	7	5	8	9	3
01.04.2017	2416	Emnid	33	33	7	6	8	8	5
25.03.2017	2450	Emnid	33	33	8	5	8	9	4
18.03.2017	1832	Emnid	33	32	8	5	8	9	5
11.03.2017	1882	Emnid	33	33	7	6	8	8	5
04.03.2017	1403	Emnid	33	32	7	6	8	10	4
25.02.2017	1880	Emnid	32	32	7	7	8	9	5
18.02.2017	1885	Emnid	32	33	7	6	8	9	5
11.02.2017	1966	Emnid	33	32	7	6	8	10	4
04.02.2017	2233	Emnid	33	29	8	6	8	11	5
28.01.2017	1996	Emnid	37	23	10	6	10	11	3
21.01.2017	2805	Emnid	36	21	9	6	11	12	5
14.01.2017	1878	Emnid	37	21	10	6	10	12	4
07.01.2017	834	Emnid	38	22	10	5	9	12	4
24.12.2016	2326	Emnid	36	21	10	6	10	13	4
17.12.2016	2411	Emnid	36	22	11	5	10	12	4
10.12.2016	2426	Emnid	36	22	10	5	10	13	4
03.12.2016	2658	Emnid	37	22	11	5	10	12	3
26.11.2016	2426	Emnid	35	23	11	5	9	12	5
19.11.2016	2859	Emnid	33	24	12	5	9	13	4
12.11.2016	2782	Emnid	34	23	11	5	10	12	5
05.11.2016	1678	Emnid	34	22	11	5	10	12	6
29.10.2016	1840	Emnid	34	23	11	5	10	12	5
22.10.2016	1961	Emnid	33	23	11	5	10	13	5
15.10.2016	2827	Emnid	32	24	11	6	9	13	5
08.10.2016	1866	Emnid	32	23	12	6	10	12	5
01.10.2016	1939	Emnid	32	23	11	7	10	12	5
24.09.2016	2798	Emnid	32	23	11	6	9	14	5
17.09.2016	2780	Emnid	32	24	11	5	9	14	5
10.09.2016	2423	Emnid	33	23	11	6	9	13	5
03.09.2016	1966	Emnid	34	23	11	6	9	12	5
27.08.2016	1981	Emnid	34	22	12	5	10	11	6
20.08.2016	2358	Emnid	34	23	13	5	9	10	6
13.08.2016	2352	Emnid	34	22	12	6	10	11	5
06.08.2016	2815	Emnid	34	22	12	6	10	11	5
30.07.2016	2815	Emnid	35	23	11	5	9	12	5
23.07.2016	1870	Emnid	35	23	12	5	10	10	5
16.07.2016	1973	Emnid	35	24	12	5	9	10	5
09.07.2016	1402	Emnid	35	23	13	5	9	10	5
02.07.2016	1936	Emnid	33	23	12	6	10	11	5
25.06.2016	1905	Emnid	32	23	13	6	9	12	5
18.06.2016	2744	Emnid	33	22	13	6	9	12	5
11.06.2016	1838	Emnid	34	21	14	6	9	11	5
04.06.2016	1851	Emnid	33	22	13	6	9	12	5
28.05.2016	2881	Emnid	33	21	12	6	9	14	5
21.05.2016	1485	Emnid	32	22	12	6	9	13	6
14.05.2016	1922	Emnid	33	23	13	5	9	13	4
07.05.2016	1838	Emnid	32	22	12	6	9	14	5
30.04.2016	2805	Emnid	33	22	12	6	9	13	5
23.04.2016	2393	Emnid	33	22	13	6	9	12	5
16.04.2016	1941	Emnid	33	22	13	7	9	11	5
09.04.2016	2240	Emnid	34	22	13	7	8	12	4
02.04.2016	1405	Emnid	33	22	13	6	8	13	5
26.03.2016	2828	Emnid	34	22	13	6	9	12	4
19.03.2016	2424	Emnid	34	22	13	6	9	13	3
12.03.2016	2340	Emnid	36	24	11	5	9	11	4
05.03.2016	1869	Emnid	35	24	10	5	10	11	5
27.02.2016	1978	Emnid	36	24	10	5	9	11	5
20.02.2016	2409	Emnid	35	24	10	4	10	12	5
13.02.2016	2090	Emnid	35	24	9	5	9	12	6
06.02.2016	2306	Emnid	35	24	9	4	10	12	6
30.01.2016	1638	Emnid	34	24	9	5	10	12	6
23.01.2016	1875	Emnid	36	25	9	5	9	10	6
16.01.2016	2016	Emnid	38	24	10	5	9	9	5
09.01.2016	940	Emnid	39	23	10	4	10	8	6
26.12.2015	1832	Emnid	39	24	9	4	10	9	5
19.12.2015	2821	Emnid	38	25	9	5	9	8	6
12.12.2015	2321	Emnid	37	26	9	4	10	8	6
05.12.2015	2352	Emnid	37	25	10	4	10	8	6
28.11.2015	2356	Emnid	38	25	10	4	10	8	5
21.11.2015	2319	Emnid	37	26	9	5	9	7	7
14.11.2015	2412	Emnid	37	25	10	5	9	8	6
07.11.2015	2442	Emnid	36	26	10	4	9	9	6
31.10.2015	1869	Emnid	36	25	10	5	10	8	6
24.10.2015	2312	Emnid	36	26	10	5	10	7	6
17.10.2015	1496	Emnid	37	26	9	5	10	7	6
10.10.2015	1871	Emnid	38	25	9	5	10	6	7
03.10.2015	2329	Emnid	40	25	9	4	10	5	7
26.09.2015	1956	Emnid	40	25	10	4	10	6	5
19.09.2015	1882	Emnid	40	24	10	5	9	5	7
12.09.2015	2332	Emnid	41	25	11	4	10	4	5
05.09.2015	2800	Emnid	41	24	11	4	10	4	6
29.08.2015	2311	Emnid	41	24	10	4	10	4	7
22.08.2015	2311	Emnid	42	24	10	4	10	4	6
16.08.2015	2436	Emnid	43	24	11	4	10	3	5
08.08.2015	1858	Emnid	43	24	10	4	10	4	5
01.08.2015	1860	Emnid	43	24	10	4	9	3	7
25.07.2015	1471	Emnid	43	24	10	4	10	3	6
18.07.2015	1942	Emnid	43	25	11	4	9	4	4
12.07.2015	1842	Emnid	42	26	10	4	10	3	5
04.07.2015	2247	Emnid	40	24	11	4	10	5	6
27.06.2015	2746	Emnid	41	24	10	4	10	5	6
20.06.2015	2716	Emnid	40	25	10	5	9	5	6
13.06.2015	2277	Emnid	40	25	10	5	9	5	6
06.06.2015	1467	Emnid	40	25	10	5	10	5	5
30.05.2015	1816	Emnid	40	25	10	6	9	5	5
23.05.2015	2302	Emnid	40	26	9	5	9	5	6
16.05.2015	1941	Emnid	40	25	10	4	9	5	7
09.05.2015	1848	Emnid	40	25	10	3	10	6	6
03.05.2015	3631	Emnid	41	25	10	3	9	6	6
25.04.2015	3210	Emnid	41	25	10	4	8	6	6
18.04.2015	2326	Emnid	41	25	10	4	9	6	5
11.04.2015	1404	Emnid	41	25	10	4	9	5	6
04.04.2015	2299	Emnid	42	25	9	4	9	5	6
28.03.2015	1854	Emnid	42	25	9	5	8	6	5
21.03.2015	1006	Emnid	41	24	10	4	9	6	6
14.03.2015	1925	Emnid	41	24	11	4	9	6	5
07.03.2015	2318	Emnid	40	25	10	4	9	7	5
28.02.2015	2307	Emnid	41	25	9	4	9	6	6
21.02.2015	2337	Emnid	41	26	9	4	9	6	5
14.02.2015	1947	Emnid	41	25	10	4	10	6	4
07.02.2015	1859	Emnid	40	26	10	3	10	5	6
31.01.2015	1889	Emnid	40	25	10	3	10	6	6
24.01.2015	1850	Emnid	41	25	10	4	9	6	5
17.01.2015	3243	Emnid	42	24	9	4	9	7	5
10.01.2015	2864	Emnid	43	24	9	3	9	7	5
20.12.2014	2755	Emnid	42	25	9	2	9	7	6
14.12.2014	2764	Emnid	41	25	10	3	9	6	6
07.12.2014	2789	Emnid	41	26	10	3	9	6	5
30.11.2014	2307	Emnid	41	25	10	3	9	7	5
22.11.2014	2331	Emnid	42	25	10	3	8	6	6
16.11.2014	2313	Emnid	41	24	10	3	9	7	6
09.11.2014	2333	Emnid	41	25	9	2	9	7	7
02.11.2014	2312	Emnid	41	25	9	3	9	7	6
26.10.2014	2309	Emnid	41	25	9	3	9	6	7
19.10.2014	2778	Emnid	42	24	9	3	9	7	6
11.10.2014	2323	Emnid	42	24	10	2	8	8	6
05.10.2014	2753	Emnid	41	24	10	2	9	9	5
28.09.2014	2760	Emnid	40	25	9	2	10	8	6
21.09.2014	2319	Emnid	40	25	9	3	9	8	6
14.09.2014	2285	Emnid	41	25	9	3	9	7	6
07.09.2014	2766	Emnid	42	25	9	3	10	6	5
31.08.2014	2418	Emnid	43	26	9	3	9	5	5
24.08.2014	3215	Emnid	41	26	10	4	9	4	6
17.08.2014	1865	Emnid	41	27	10	3	9	4	6
10.08.2014	2802	Emnid	41	27	9	3	9	5	6
03.08.2014	1940	Emnid	42	25	10	3	9	5	6
27.07.2014	2762	Emnid	41	25	10	3	10	5	6
20.07.2014	2414	Emnid	40	26	10	3	9	5	7
13.07.2014	2258	Emnid	40	25	11	3	9	5	7
06.07.2014	2287	Emnid	40	25	10	3	9	6	7
29.06.2014	2287	Emnid	40	25	10	3	9	7	6
22.06.2014	1845	Emnid	39	25	10	4	9	7	6
15.06.2014	2311	Emnid	39	25	11	4	10	6	5
08.06.2014	2299	Emnid	39	25	10	3	10	7	6
01.06.2014	2311	Emnid	39	25	10	4	10	6	6
25.05.2014	2312	Emnid	39	24	10	5	10	6	6
18.05.2014	2791	Emnid	39	25	10	5	10	6	5
11.05.2014	2306	Emnid	40	25	11	4	9	5	6
04.05.2014	2203	Emnid	40	25	10	4	10	5	6
27.04.2014	1859	Emnid	41	24	10	4	10	5	6
20.04.2014	2313	Emnid	40	25	10	4	9	6	6
13.04.2014	2327	Emnid	42	23	9	4	10	6	6
06.04.2014	2271	Emnid	41	24	10	3	10	6	6
30.03.2014	2380	Emnid	41	25	11	3	10	5	5
23.03.2014	2762	Emnid	41	25	10	3	10	5	6
16.03.2014	2780	Emnid	41	24	11	4	10	5	5
09.03.2014	2304	Emnid	42	23	10	3	10	5	7
02.03.2014	2763	Emnid	40	24	10	4	10	5	7
23.02.2014	2421	Emnid	41	24	10	4	10	5	6
16.02.2014	2388	Emnid	41	24	11	4	10	5	5
09.02.2014	2301	Emnid	42	25	10	4	9	4	6
02.02.2014	2295	Emnid	42	25	9	4	10	4	6
26.01.2014	2772	Emnid	41	26	9	5	9	4	6
19.01.2014	2305	Emnid	41	26	8	4	10	5	6
12.01.2014	1402	Emnid	42	25	9	4	9	5	6
22.12.2013	2346	Emnid	41	25	9	4	9	5	7
15.12.2013	1901	Emnid	42	25	9	4	9	5	6
08.12.2013	2291	Emnid	42	26	9	3	9	5	6
01.12.2013	2389	Emnid	41	26	9	4	9	5	6
24.11.2013	2204	Emnid	42	25	10	3	9	5	6
17.11.2013	2765	Emnid	41	25	10	3	9	5	7
10.11.2013	2296	Emnid	41	26	10	3	9	5	6
03.11.2013	2768	Emnid	42	25	9	3	9	5	7
27.10.2013	3219	Emnid	41	26	10	3	9	5	6
20.10.2013	2334	Emnid	42	25	9	3	10	5	6
13.10.2013	1833	Emnid	42	25	9	3	10	6	5
06.10.2013	1849	Emnid	42	25	8	4	9	6	6
29.09.2013	1382	Emnid	43	26	7	3	9	6	6
