Release_Date	Polling_Start	Polling_End	NrParticipants CDU/CSU	SPD	GRÜNE	FDP	LINKE	AFD	SONSTIGE
28.04.2021	20.04.2021	26.04.2021	2507	22	13	28	12	7	11	7
20.04.2021	20.04.2021	20.40.2021	1502	21	13	28	12	7	11	8
20.04.2021	13.04.2021	16.04.2021	2003	28	15	23	10	6	11	7
14.04.2021	06.04.2021	12.04.2021	2500	27	15	23	9	8	11	7
07.04.2021	30.03.2021	01.04.2021	1501	27	15	23	10	7	10	8
31.03.2021	23.03.2021	29.03.2021	2503	27	15	23	10	7	11	7
24.03.2021	16.03.2021	22.03.2021	2511	26	16	22	10	8	10	8
17.03.2021	09.03.2021	15.03.2021	2501	29	16	21	8	8	10	8
10.03.2021	02.03.2021	08.03.2021	2510	33	16	18	8	8	10	7
02.03.2021	25.02.2021	01.03.2021	2501	34	16	19	7	8	9	7
23.02.2021	16.02.2021	22.02.2021	2505	35	16	19	8	7	8	7
16.02.2021	09.02.2021	15.02.2021	2502	35	16	19	7	8	8	7
09.02.2021	02.02.2021	08.02.2021	2501	37	15	19	7	7	8	7
02.02.2021	26.01.2021	01.02.2021	2503	37	15	19	6	8	8	7
26.01.2021	18.01.2021	25.01.2021	3005	37	15	18	7	7	9	7
18.01.2021	16.01.2021	17.01.2021	2014	35	15	19	7	8	9	7
18.01.2021	11.01.2021	15.01.2021	2504	35	15	20	6	8	9	7
09.01.2021	04.01.2021	08.01.2021	2503	36	14	20	7	8	8	7
26.12.2020	21.12.2020	23.12.2020	1501	36	15	18	6	9	9	7
19.12.2020	14.12.2020	18.12.2020	2505	37	15	19	6	8	8	7
12.12.2020	07.12.2020	11.12.2020	2503	37	15	20	5	8	8	7
05.12.2020	30.11.2020	04.12.2020	2507	36	15	20	6	8	8	7
28.11.2020	23.11.2020	27.11.2020	2500	37	15	21	6	8	7	6
21.11.2020	16.11.2020	19.11.2020	2505	36	16	19	6	7	9	7
14.11.2020	09.11.2020	13.11.2020	2502	36	15	19	5	8	10	7
07.11.2020	02.11.2020	06.11.2020	2502	36	15	18	6	8	10	7
31.10.2020	26.10.2020	30.10.2020	2503	35	16	19	6	8	10	6
24.10.2020	19.10.2020	23.10.2020	2503	36	15	20	6	7	9	7
17.10.2020	12.10.2020	16.10.2020	2501	36	15	20	6	7	9	7
10.10.2020	05.10.2020	09.10.2020	2504	36	15	20	5	8	9	7
03.10.2020	29.09.2020	02.10.2020	2502	36	15	20	6	7	9	7
26.09.2020	21.09.2020	25.09.2020	2504	35	15	21	6	8	9	6
19.09.2020	14.09.2020	18.09.2020	2501	36	14	22	5	8	8	7
12.09.2020	07.09.2020	11.09.2020	2501	36	16	18	5	9	9	7
05.09.2020	31.08.2020	04.09.2020	2503	36	16	18	5	9	9	7
29.08.2020	24.08.2020	28.08.2020	2502	36	16	19	5	7	9	8
22.08.2020	17.08.2020	21.08.2020	2504	36	16	19	5	7	9	8
15.08.2020	10.08.2020	14.08.2020	2501	36	16	20	6	6	9	7
08.08.2020	03.08.2020	07.08.2020	2502	38	14	18	6	8	8	8
01.08.2020	27.07.2020	31.07.2020	2504	38	14	18	6	8	8	8
25.07.2020	20.07.2020	24.07.2020	2504	38	14	18	6	8	9	7
18.07.2020	13.07.2020	16.07.2020	2501	38	14	18	6	8	9	7
11.07.2020	06.07.2020	10.07.2020	2500	38	14	18	6	7	10	7
04.07.2020	29.06.2020	03.07.2020	2503	38	14	18	5	8	10	7
27.06.2020	22.06.2020	26.06.2020	2501	38	14	17	6	8	10	7
20.06.2020	15.06.2020	19.06.2020	2501	39	14	18	5	8	9	7
13.06.2020	08.06.2020	13.06.2020	2504	40	14	17	6	8	8	7
06.06.2020	02.06.2020	05.06.2020	2002	40	16	15	6	8	8	7
30.05.2020	25.05.2020	29.05.2020	2500	40	15	16	5	8	9	7
23.05.2020	18.05.2020	22.05.2020	2002	40	15	16	5	8	9	7
16.05.2020	11.05.2020	15.05.2020	2509	39	15	16	6	8	9	7
09.05.2020	04.05.2020	08.05.2020	2503	40	15	15	6	7	10	7
02.05.2020	27.04.2020	30.04.2020	2004	38	17	14	6	8	10	7
25.04.2020	20.04.2020	24.04.2020	2505	39	16	15	6	8	9	7
18.04.2020	14.04.2020	17.04.2020	2002	39	16	15	5	8	10	7
11.04.2020	06.04.2020	09.04.2020	2001	37	17	16	5	8	10	7
04.04.2020	30.03.2020	03.04.2020	2506	37	17	16	6	8	9	7
28.03.2020	23.03.2020	27.03.2020	2511	36	16	17	6	8	9	8
26.03.2020	23.03.2020	25.03.2020	1502	36	16	17	6	8	9	8
21.03.2020	16.03.2020	20.03.2020	2504	32	15	20	7	9	9	8
14.03.2020	09.03.2020	13.03.2020	2503	29	14	22	6	10	11	8
07.03.2020	02.03.2020	06.03.2020	2503	26	15	24	6	10	11	8
29.02.2020	24.02.2020	28.02.2020	2505	27	16	24	5	10	10	8
22.02.2020	17.02.2020	21.02.2020	2504	27	14	24	7	10	10	8
15.02.2020	10.02.2020	14.02.2020	2502	27	14	24	6	10	11	8
08.02.2020	03.02.2020	07.02.2020	2503	28	14	23	8	9	10	8
01.02.2020	27.01.2020	31.01.2020	2504	28	12	23	9	9	11	8
25.01.2020	20.01.2020	24.01.2020	2507	28	12	23	9	9	12	7
18.01.2020	13.01.2020	17.01.2020	2504	28	13	22	8	9	13	7
11.01.2020	06.01.2020	10.01.2020	2503	28	12	22	9	8	13	8
21.12.2019	16.12.2019	20.12.2019	2501	28	13	22	8	8	13	8
14.12.2019	09.12.2019	13.12.2019	2502	28	12	22	8	9	13	8
07.12.2019	02.12.2019	06.12.2019	2502	28	11	22	9	8	14	8
30.11.2019	25.11.2019	29.11.2019	2500	27	14	22	8	8	13	8
23.11.2019	18.11.2019	22.11.2019	2501	26	14	21	9	9	13	8
16.11.2019	11.11.2019	15.11.2019	2501	26	15	19	9	10	13	8
09.11.2019	04.11.2019	08.11.2019	2501	26	13	21	9	10	13	8
02.11.2019	28.10.2019	01.11.2019	2502	28	13	20	8	10	13	8
26.10.2019	21.10.2019	25.10.2019	2501	29	14	20	8	8	13	8
19.10.2019	14.10.2019	18.10.2019	2501	27	14	22	8	8	13	8
12.10.2019	07.10.2019	11.10.2019	2500	27	14	23	8	8	12	8
05.10.2019	30.09.2019	04.10.2019	2505	28	14	22	8	7	13	8
28.09.2019	23.09.2019	27.09.2019	2505	27	13	23	9	7	13	8
21.09.2019	16.09.2019	20.09.2019	2500	27	15	22	8	7	13	8
14.09.2019	09.09.2019	13.09.2019	2503	27	15	22	8	7	14	7
07.09.2019	02.09.2019	06.09.2019	2503	27	15	23	8	6	13	8
31.08.2019	26.08.2019	30.08.2019	2501	27	15	23	9	7	12	7
24.08.2019	19.08.2019	23.08.2019	2504	26	14	23	9	8	13	7
17.08.2019	12.08.2019	16.08.2019	2501	25	13	24	9	8	13	8
10.08.2019	05.08.2019	09.08.2019	2503	26	12	25	8	8	13	8
03.08.2019	29.07.2019	02.08.2019	2501	27	13	23	9	8	13	7
27.07.2019	22.07.2019	26.07.2019	2502	27	13	24	9	7	13	7
20.07.2019	15.07.2019	19.07.2019	2500	27	13	24	8	8	12	8
13.07.2019	08.07.2019	12.07.2019	2500	26	13	25	7	8	13	8
06.07.2019	01.07.2019	05.07.2019	2501	26	12	26	8	8	12	8
29.06.2019	24.06.2019	28.06.2019	2501	26	12	26	8	8	12	8
22.06.2019	17.06.2019	21.06.2019	2500	24	12	27	8	8	13	8
15.06.2019	11.06.2019	14.06.2019	2001	24	11	27	9	8	13	8
08.06.2019	03.06.2019	07.06.2019	2501	24	12	27	8	8	12	9
01.06.2019	27.05.2019	31.05.2019	2001	26	12	27	8	7	11	9
27.05.2019	20.05.2019	24.05.2019	2500	28	17	18	8	8	13	8
20.05.2019	13.05.2019	17.05.2019	2503	29	16	19	8	9	13	6
13.05.2019	06.05.2019	10.05.2019	2502	30	15	20	8	8	13	6
06.05.2019	29.04.2019	03.05.2019	2002	29	15	20	8	9	13	6
29.04.2019	18.04.2019	24.04.2019	2009	27	17	20	8	9	13	6
22.04.2019	15.04.2019	18.04.2019	2004	28	17	19	9	8	13	6
13.04.2019	08.04.2019	12.04.2019	2501	29	16	19	10	8	12	6
06.04.2019	01.04.2019	05.04.2019	2501	29	16	20	10	8	12	5
30.03.2019	25.03.2019	29.03.2019	2504	28	16	20	10	8	12	6
23.03.2019	18.03.2019	22.03.2019	2501	30	16	20	9	8	11	6
16.03.2019	11.03.2019	15.03.2019	2505	31	15	19	10	7	12	6
09.03.2019	04.03.2019	08.03.2019	2501	31	15	19	9	8	12	6
04.03.2019	25.02.2019	01.03.2019	2502	30	16	20	9	8	11	6
23.02.2019	18.02.2019	22.02.2019	2501	30	16	20	9	7	12	6
16.02.2019	11.02.2019	15.02.2019	2501	29	17	21	10	6	12	5
09.02.2019	04.02.2019	08.02.2019	2500	31	15	19	10	8	12	5
02.02.2019	28.01.2019	01.02.2019	2501	32	15	19	9	8	12	5
26.01.2019	21.01.2019	25.01.2019	2501	32	14	20	9	9	11	5
19.01.2019	14.01.2019	18.01.2019	2503	32	15	19	9	8	12	5
12.01.2019	07.01.2019	11.01.2019	2504	32	15	19	9	8	12	5
05.01.2019	02.01.2019	04.01.2019	1503	32	15	19	8	9	12	5
22.12.2018	17.12.2018	21.12.2018	2504	31	14	20	8	8	13	6
15.12.2018	10.12.2018	14.12.2018	2507	32	15	19	8	8	12	6
10.12.2018	07.12.2018	09.12.2018	1506	32	14	19	8	8	13	6
07.12.2018	03.12.2018	06.12.2018	2006	29	14	22	8	8	13	6
01.12.2018	26.11.2018	30.11.2018	2505	27	14	22	9	8	14	6
24.11.2018	19.11.2018	23.11.2018	2507	27	14	23	9	8	14	5
17.11.2018	12.11.2018	16.11.2018	2503	28	14	23	9	9	12	5
11.11.2018	05.11.2018	09.11.2018	2504	27	14	23	9	9	13	5
03.11.2018	29.10.2018	02.11.2018	2502	27	13	24	9	9	13	5
27.10.2018	22.10.2018	26.10.2018	2509	26	14	21	9	10	14	6
20.10.2018	15.10.2018	19.10.2018	2502	27	14	21	9	9	15	5
13.10.2018	08.10.2018	12.10.2018	2504	28	16	19	9	9	14	5
06.10.2018	01.10.2018	05.10.2018	2002	28	16	18	9	10	14	5
29.09.2018	24.09.2018	28.09.2018	2501	28	16	17	9	10	15	5
22.09.2018	17.09.2018	21.09.2018	2502	28	17	16	9	10	15	5
15.09.2018	10.09.2018	14.09.2018	2507	30	18	16	8	10	13	5
08.09.2018	03.09.2018	07.09.2018	2507	31	16	15	9	10	14	5
01.09.2018	27.08.2018	31.08.2018	2503	30	17	16	8	8	16	5
25.08.2018	20.08.2018	24.08.2018	2502	30	18	15	8	10	14	5
18.08.2018	13.08.2018	17.08.2018	2503	30	18	15	9	10	14	4
11.08.2018	06.08.2018	10.08.2018	2505	30	18	15	10	9	14	4
04.08.2018	30.07.2018	03.08.2018	2508	31	18	13	10	9	14	5
28.07.2018	23.07.2018	27.07.2018	2505	32	18	13	9	9	14	5
21.07.2018	16.07.2018	20.07.2018	2505	31	18	13	8	10	15	5
14.07.2018	09.07.2018	13.07.2018	2505	31	17	13	9	9	16	5
07.07.2018	02.07.2018	06.07.2018	2502	30	17	13	10	9	16	5
30.06.2018	25.06.2018	29.06.2018	2508	31	17	12	10	10	15	5
24.06.2018	18.06.2018	22.06.2018	2503	30	17	13	9	10	15	6
16.06.2018	14.06.2018	15.06.2018	1001	30	16	14	10	9	15	6
16.06.2018	11.06.2018	13.06.2018	1501	34	18	12	9	8	13	6
09.06.2018	04.06.2018	08.06.2018	2504	33	18	12	9	10	13	5
02.06.2018	28.05.2018	01.06.2018	2506	34	18	12	8	10	13	5
27.05.2018	22.05.2018	25.05.2018	2002	33	18	13	8	10	13	5
19.05.2018	14.05.2018	18.05.2018	2502	33	18	12	9	9	13	6
12.05.2018	07.05.2018	11.05.2018	2004	34	17	13	8	10	13	5
05.05.2018	30.04.2018	04.05.2018	2003	34	18	11	9	10	13	5
28.04.2018	23.04.2018	27.04.2018	2507	34	17	13	9	10	12	5
23.04.2018	16.04.2018	20.04.2018	2503	34	18	13	9	10	12	4
14.04.2018	09.04.2018	13.04.2018	2506	34	19	12	9	10	12	4
07.04.2018	03.04.2018	06.04.2018	2005	32	20	11	9	10	13	5
31.03.2018	26.03.2018	29.03.2018	2003	33	18	12	9	10	13	5
24.03.2018	19.03.2018	23.03.2018	2502	31	19	12	9	11	14	4
17.03.2018	12.03.2018	16.03.2018	2502	34	19	11	8	10	13	5
11.03.2018	05.03.2018	09.03.2018	2507	34	18	13	9	10	12	4
05.03.2018	04.03.2018	05.03.2018	1502	34	19	12	9	9	13	4
03.03.2018	26.02.2018	02.03.2018	2505	35	18	12	9	9	13	4
24.02.2018	19.02.2018	23.02.2018	2506	35	18	12	9	9	13	4
17.02.2018	12.02.2018	16.02.2018	2501	34	16	13	9	10	13	5
09.02.2018	07.02.2018	08.02.2018	1003	31	18	13	10	10	13	5
05.02.2018	29.01.2018	02.02.2018	2507	33	18	13	9	9	13	5
29.01.2018	22.01.2018	26.01.2018	2505	34	18	12	9	10	12	5
22.01.2018	22.01.2018	22.01.2018	1282 	34	17	12	8	11	13	5
21.01.2018	15.01.2018	19.01.2018	2501	34	18	12	8	10	12	6
18.01.2018	15.01.2018	17.01.2018	1504	34	18	12	8	10	12	6
15.01.2018	08.01.2018	12.01.2018	2501	33	20	12	9	9	11	6
07.01.2018	02.01.2018	05.01.2018	2003	34	20	12	9	9	10	6
27.12.2017	18.12.2017	22.12.2017	2504	34	19	12	8	10	12	5
16.12.2017	11.12.2017	15.12.2017	2501	33	20	12	8	10	12	5
10.12.2017	09.12.2017	10.12.2017	1566	34	20	12	8	9	11	6
10.12.2017	04.12.2017	08.12.2017	2500	34	20	12	8	9	11	6
04.12.2017	27.11.2017	01.12.2017	2502	34	20	13	8	9	10	6
27.11.2017	20.11.2017	24.11.2017	2508	33	19	12	10	9	11	6
20.11.2017	20.11.2017	20.11.2017	1789	31	21	12	10	9	12	5
20.11.2017	13.11.2017	17.11.2017	2505	32	20	11	12	8	12	5
13.11.2017	06.11.2017	10.11.2017	2506	32	20	10	12	9	12	5
06.11.2017	30.10.2017	03.11.2017	2005	32	21	10	11	9	12	5
01.11.2017	23.10.2017	27.10.2017	2500	33	20	11	11	9	11	5
25.10.2017	16.10.2017	20.10.2017	2503	31	22	10	11	10	11	5
18.10.2017	09.10.2017	13.10.2017	2501	32	20	11	11	9	12	5
11.10.2017	02.10.2017	06.10.2017	2001	32	20	11	11	9	12	5
04.10.2017	25.09.2017	29.09.2017	2005	32	20	10	11	10	12	5
22.09.2017	18.09.2017	21.09.2017	2006	36	22	7	9.5	9.5	11	5
19.09.2017	11.09.2017	15.09.2017	2501	36	23	8	9	10	9	5
13.09.2017	04.09.2017	08.09.2017	2505	37	23	8	8	10	9	5
08.09.2017	04.09.2017	07.09.2017	2001	37	23	8	9	10	9	4
06.09.2017	28.08.2017	01.09.2017	2503	38	23	8	8	9	9	5
30.08.2017	21.08.2017	25.08.2017	2501	38	24	7	8	9	9	5
23.08.2017	14.08.2017	18.08.2017	2501	38	24	7	8	9	9	5
16.08.2017	07.08.2017	11.08.2017	2507	39	23	8	8	9	8	5
09.08.2017	31.07.2017	04.08.2017	2503	40	23	8	7	8	8	6
02.08.2017	24.07.2017	28.07.2017	2501	40	22	8	8	8	8	6
26.07.2017	17.07.2017	21.07.2017	2507	40	22	8	8	9	7	6
19.07.2017	10.07.2017	14.07.2017	2502	40	22	8	8	9	7	6
11.07.2017	03.07.2017	07.07.2017	2501	39	22	8	8	9	8	6
05.07.2017	26.06.2017	30.06.2017	2503	39	23	8	8	9	7	6
29.06.2017	26.06.2017	28.06.2017	1507	40	23	9	8	9	7	4
28.06.2017	19.06.2017	23.06.2017	2502	40	23	9	7	9	7	5
21.06.2017	12.06.2017	16.06.2017	2505	39	23	8	8	10	7	5
13.06.2017	06.06.2017	09.06.2017	2004	38	24	8	9	8	7	6
07.06.2017	29.05.2017	02.06.2017	2501	39	24	8	8	8	7	6
31.05.2017	22.05.2017	26.05.2017	2001	38	25	7	9	8	7	6
23.05.2017	15.05.2017	19.05.2017	2502	39	25	7	9	8	7	5
17.05.2017	08.05.2017	12.05.2017	2506	38	26	7	8	8	7	6
10.05.2017	02.05.2017	05.05.2017	2004	36	29	7	7	8	7	6
03.05.2017	24.04.2017	28.04.2017	2502	36	28	8	7	8	8	5
26.04.2017	18.04.2017	21.04.2017	2002	36	30	7	6	8	9	4
19.04.2017	10.04.2017	13.04.2017	2007	36	30	6	6	9	8	5
11.04.2017	03.04.2017	07.04.2017	2502	36	30	7	6	8	8	5
04.04.2017	27.03.2017	31.03.2017	2504	36	29	7	5	9	8	6
29.03.2017	20.03.2017	24.03.2017	2501	34	32	7	6	8	7	6
22.03.2017	13.03.2017	17.03.2017	2504	34	31	7	6	7	9	6
15.03.2017	06.03.2017	10.03.2017	2505	33	32	7	6	7	9	6
08.03.2017	27.02.2017	03.03.2017	2502	33	32	8	6	7	8	6
01.03.2017	20.02.2017	24.02.2017	2500	33	31	8	7	7	9	5
22.02.2017	13.02.2017	17.02.2017	2502	34	31	7	6	8	8	6
15.02.2017	05.02.2017	10.02.2017	2502	34	31	7	5	8	9	6
08.02.2017	30.01.2017	03.02.2017	2501	34	31	8	5	8	10	4
01.02.2017	23.01.2017	27.01.2017	2502	35	26	8	6	9	11	5
25.01.2017	16.01.2017	20.01.2017	2504	37	21	10	6	9	12	5
18.01.2017	09.01.2017	13.01.2017	2503	38	21	9	6	9	11	6
11.01.2017	02.01.2017	06.01.2017	2501	37	20	10	6	9	12	6
04.01.2017	27.12.2017	30.12.2017	2001	37	21	10	6	9	12	5
28.12.2016	19.12.2016	23.12.2016	2504	38	20	10	5	9	12	6
20.12.2016	12.12.2016	16.12.2016	2502	36	22	10	6	9	11	6
14.12.2016	05.12.2016	09.12.2016	2506	37	21	10	6	9	11	6
07.12.2016	28.11.2016	02.12.2016	2501	36	22	11	6	10	10	5
30.11.2016	21.11.2016	25.11.2016	2503	37	22	10	5	9	11	6
23.11.2016	14.11.2016	18.11.2016	2505	36	23	10	5	10	10	6
16.11.2016	07.11.2016	11.11.2016	2503	35	23	11	6	10	10	5
09.11.2016	31.10.2016	04.11.2016	2503	34	23	11	6	10	11	5
02.11.2016	24.10.2016	28.10.2016	2503	34	22	11	7	10	11	5
26.10.2016	17.10.2016	21.10.2016	2504	35	22	11	6	9	12	5
19.10.2016	10.10.2016	14.10.2016	2505	34	22	11	6	9	12	6
12.10.2016	04.10.2016	07.10.2016	2004	34	22	11	6	10	12	5
05.10.2016	26.09.2016	30.09.2016	2503	33	22	11	6	10	13	5
28.09.2016	19.09.2016	23.09.2016	2506	33	23	10	6	9	14	5
21.09.2016	12.09.2016	16.09.2016	2504	33	23	11	6	8	13	6
14.09.2016	05.09.2016	09.09.2016	2501	32	23	11	6	8	13	7
07.09.2016	29.08.2016	02.09.2016	2501	33	22	12	7	8	12	6
31.08.2016	22.08.2016	26.08.2016	2503	33	22	12	6	9	12	6
24.08.2016	15.08.2016	19.08.2016	2504	35	22	12	6	9	10	6
17.08.2016	08.08.2016	12.08.2016	2501	36	21	13	6	9	9	6
10.08.2016	01.08.2016	05.08.2016	2501	36	21	13	5	10	9	6
03.08.2016	25.07.2016	29.07.2016	2508	35	23	12	6	9	9	6
26.07.2016	18.07.2016	22.07.2016	2508	35	22	13	6	9	9	6
20.07.2016	11.07.2016	15.07.2016	2502	35	22	12	7	9	9	6
13.07.2016	04.07.2016	08.07.2016	2503	36	23	12	6	9	8	6
06.07.2016	27.06.2016	01.07.2016	2504	35	21	13	6	10	9	6
28.06.2016	20.06.2016	24.06.2016	2501	34	22	12	6	9	10	7
22.06.2016	13.06.2016	17.06.2016	2503	33	21	13	6	9	11	7
15.06.2016	06.06.2016	10.06.2016	2505	33	21	13	6	10	11	6
08.06.2016	30.05.2016	03.06.2016	2501	34	21	13	7	10	10	5
01.06.2016	23.05.2016	27.05.2016	2502	34	21	13	6	9	10	7
24.05.2016	17.05.2016	20.05.2016	2006	33	20	14	6	9	12	6
17.05.2016	09.05.2016	13.05.2016	2501	34	19	14	7	9	11	6
11.05.2016	02.05.2016	06.05.2016	2002	34	21	13	8	9	10	5
03.05.2016	25.04.2016	29.04.2016	2501	34	21	13	8	9	9	6
27.04.2016	18.04.2016	22.04.2016	2502	33	22	13	8	9	10	5
20.04.2016	11.04.2016	15.04.2016	2504	34	21	13	7	9	11	5
13.04.2016	04.04.2016	08.04.2016	2506	34	21	14	7	9	10	5
06.04.2016	29.03.2016	01.04.2016	2004	35	21	13	7	8	10	6
30.03.2016	21.03.2016	24.03.2016	2005	36	20	13	7	8	10	6
22.03.2016	14.03.2016	18.03.2016	2501	35	20	13	6	8	13	5
16.03.2016	07.03.2016	11.03.2016	2505	35	22	10	7	10	11	5
09.03.2016	29.02.2016	04.03.2016	2501	35	23	11	6	9	10	6
02.03.2016	22.02.2016	26.02.2016	2503	35	24	10	6	10	9	6
24.02.2016	15.02.2016	19.02.2016	2502	35	24	10	6	10	10	5
17.02.2016	08.02.2016	12.02.2016	2501	35	23	11	6	10	9	6
10.02.2016	01.02.2016	05.02.2016	2500	36	24	10	5	9	10	6
03.02.2016	25.01.2016	29.01.2016	2501	36	24	10	5	9	10	6
27.01.2016	18.01.2016	22.01.2016	2505	36	24	10	5	10	10	5
19.01.2016	11.01.2016	15.01.2016	2501	37	23	10	5	9	10	6
13.01.2016	04.01.2016	08.01.2016	2503	38	23	10	5	10	9	5
06.01.2016	28.12.2016	30.12.2016	1503	38	23	10	5	10	8	6
29.12.2015	21.12.2015	23.12.2015	1501	38	23	10	5	10	8	6
22.12.2015	14.12.2015	18.12.2015	2504	39	24	10	4	10	8	5
15.12.2015	07.12.2015	11.12.2015	2502	39	24	11	4	9	8	5
09.12.2015	30.11.2015	04.12.2015	2506	38	24	10	4	9	8	7
02.12.2015	23.11.2015	27.11.2015	2501	39	24	10	5	9	6	7
25.11.2015	16.11.2015	22.11.2015	2502	39	24	10	5	9	7	6
17.11.2015	09.11.2015	13.11.2015	2504	36	25	10	5	9	8	7
11.11.2015	02.11.2015	06.11.2015	2503	38	25	10	5	8	7	7
04.11.2015	26.10.2015	30.10.2015	2504	36	24	11	5	9	7	8
28.10.2015	19.10.2015	23.10.2015	2501	36	24	11	6	9	6	8
21.10.2015	12.10.2015	16.10.2015	2502	38	24	11	4	10	7	6
14.10.2015	05.10.2015	09.10.2015	2502	38	25	10	5	9	7	6
07.10.2015	28.09.2015	02.10.2015	2505	39	25	9	5	9	7	6
30.09.2015	21.09.2015	25.09.2015	2506	40	24	10	5	10	5	6
23.09.2015	14.09.2015	18.09.2015	2501	40	24	10	5	10	4	7
16.09.2015	07.09.2015	11.09.2015	2501	41	24	10	4	10	4	7
09.09.2015	31.08.2015	04.09.2015	2503	41	24	10	4	10	4	7
02.09.2015	24.08.2015	28.08.2015	2504	40	24	11	5	11	3	6
26.08.2015	17.08.2015	21.08.2015	2500	41	23	10	4	11	4	7
19.08.2015	10.08.2015	14.08.2015	2500	43	23	10	4	10	3	7
12.08.2015	03.08.2015	07.08.2015	2500	43	23	10	5	9	3	7
05.08.2015	27.07.2015	31.07.2015	2501	41	24	10	5	9	3	8
29.07.2015	20.07.2015	24.07.2015	2501	42	23	10	4	10	3	8
22.07.2015	13.07.2015	17.07.2015	2501	41	24	10	5	10	4	6
14.07.2015	06.07.2015	10.07.2015	2503	42	23	11	4	10	4	6
08.07.2015	29.06.2015	03.07.2015	2502	42	23	11	5	10	4	5
01.07.2015	22.06.2015	26.06.2015	2505	42	23	10	5	10	4	6
24.06.2015	15.06.2015	19.06.2015	2501	41	23	10	5	10	4	7
17.06.2015	08.06.2015	12.06.2015	2502	41	23	11	5	9	5	6
10.06.2015	01.06.2015	05.06.2015	2504	41	24	10	6	9	4	6
02.06.2015	26.05.2015	29.05.2015	2502	40	23	10	6	10	5	6
27.05.2015	18.05.2015	22.05.2015	2503	39	23	11	7	9	4	7
20.05.2015	11.05.2015	15.05.2015	2003	40	22	11	6	9	5	7
12.05.2015	04.05.2015	08.05.2015	2502	41	23	12	4	9	5	6
06.05.2015	27.04.2015	30.04.2015	2001	42	24	10	4	9	4	7
29.04.2015	20.04.2015	24.04.2015	2506	42	24	10	4	9	4	7
22.04.2015	13.04.2015	17.04.2015	2502	42	24	10	4	8	6	6
15.04.2015	07.04.2015	10.04.2015	2004	42	24	10	5	8	5	6
08.04.2015	30.03.2015	02.04.2015	2001	42	23	10	4	9	6	6
31.03.2015	23.03.2015	27.03.2015	2505	42	23	10	4	9	6	6
25.03.2015	16.03.2015	20.03.2015	2501	41	24	10	5	8	5	7
18.03.2015	09.03.2015	13.03.2015	2500	41	24	9	5	9	6	6
11.03.2015	02.03.2015	06.03.2015	2504	41	24	9	5	9	6	6
04.03.2015	23.02.2015	27.02.2015	2502	41	24	9	5	9	7	5
25.02.2015	16.02.2015	20.02.2015	2501	42	24	9	5	9	6	5
18.02.2015	09.02.2015	13.02.2015	2502	43	23	10	5	8	5	6
11.02.2015	02.02.2015	06.02.2015	2503	42	23	10	5	9	6	5
04.02.2015	26.01.2015	30.01.2015	2510	42	23	10	4	10	5	6
28.01.2015	19.01.2015	23.01.2015	2015	42	23	10	3	9	6	7
21.01.2015	12.01.2015	16.01.2015	2502	42	22	10	3	10	6	7
14.01.2015	05.01.2015	09.01.2015	2504	42	22	10	4	10	6	6
07.01.2015	02.01.2015	05.01.2015	1002	42	22	11	3	10	5	7
01.01.2015	15.12.2015	19.12.2015	2504	42	23	10	2	11	5	7
16.12.2014	08.12.2014	12.12.2014	2504	43	23	10	2	10	5	7
10.12.2014	01.12.2014	05.12.2014	2503	41	24	11	2	9	6	7
03.12.2014	24.11.2014	28.11.2014	2502	41	24	11	2	9	6	7
26.11.2014	17.11.2014	21.11.2014	2501	42	23	10	2	10	6	7
19.11.2014	10.11.2014	14.11.2014	2501	42	22	10	3	9	7	7
12.11.2014	03.11.2014	07.11.2014	2502	41	23	9	3	10	8	6
05.11.2014	27.10.2014	31.10.2014	2504	41	22	10	3	9	8	7
29.10.2014	20.10.2014	24.10.2014	2504	41	23	10	2	9	8	7
22.10.2014	13.10.2014	17.10.2014	2504	41	24	9	2	9	8	7
15.10.2014	06.10.2014	10.10.2014	2505	40	23	10	3	9	8	7
07.10.2014	29.09.2014	02.10.2014	2004	41	23	10	2	9	8	7
01.10.2014	22.09.2014	26.09.2014	2501	42	23	9	2	8	9	7
23.09.2014	15.09.2014	19.09.2014	2501	42	22	8	2	9	10	7
17.09.2014	08.09.2014	12.09.2014	2503	41	24	9	3	9	7	7
10.09.2014	01.09.2014	05.09.2014	2502	42	23	9	3	9	7	7
03.09.2014	25.08.2014	29.08.2014	2504	41	24	10	3	10	5	7
27.08.2014	18.08.2014	22.08.2014	2504	42	24	10	3	9	5	7
20.08.2014	11.08.2014	15.08.2014	2502	42	24	10	3	9	5	7
13.08.2014	04.08.2014	08.08.2014	2500	42	24	10	4	9	5	6
06.08.2014	28.07.2014	01.08.2014	2501	43	24	9	4	9	5	6
30.07.2014	21.07.2014	25.07.2014	2501	43	22	10	3	10	5	7
23.07.2014	14.07.2014	18.07.2014	2505	43	22	10	3	10	5	7
16.07.2014	07.07.2014	11.07.2014	2503	41	23	11	3	9	6	7
09.07.2014	30.06.2014	04.07.2014	2014	41	23	11	3	9	6	7
02.07.2014	23.06.2014	27.06.2014	2502	41	23	10	4	9	7	6
25.06.2014	16.06.2014	20.06.2014	2504	41	23	10	4	9	7	6
17.06.2014	10.06.2014	13.06.2014	2001	39	23	10	4	10	7	7
11.06.2014	02.06.2014	06.06.2014	2501	39	23	9	4	10	8	7
04.06.2014	26.05.2014	30.05.2014	2002	38	23	10	4	10	8	7
27.05.2014	19.05.2014	23.05.2014	2503	40	25	10	4	10	6	5
21.05.2014	12.05.2014	16.05.2014	2501	40	24	10	4	10	6	6
14.05.2014	05.05.2014	09.05.2014	2504	40	24	10	4	10	6	6
07.05.2014	28.04.2014	02.05.2014	2001	41	23	10	4	10	5	7
29.04.2014	22.04.2014	25.04.2014	2002	41	24	10	4	9	6	6
23.04.2014	14.04.2014	17.04.2014	2002	41	24	10	4	10	5	6
15.04.2014	07.04.2014	11.04.2014	2501	41	23	10	4	10	6	6
09.04.2014	31.03.2014	04.04.2014	2502	42	23	10	4	10	5	6
02.04.2014	24.03.2014	28.03.2014	2501	42	23	9	4	10	6	6
26.03.2014	17.03.2014	21.03.2014	2502	41	23	10	4	10	5	7
19.03.2014	10.03.2014	14.03.2014	2500	42	23	9	4	10	5	7
12.03.2014	03.03.2014	07.03.2014	2503	42	23	9	4	10	5	7
05.03.2014	24.02.2014	28.02.2014	2500	40	22	10	4	11	6	7
26.02.2014	17.02.2014	21.02.2014	2502	41	22	10	5	10	5	7
19.02.2014	10.02.2014	14.02.2014	2502	40	24	10	4	10	5	7
12.02.2014	03.02.2014	07.02.2014	2502	41	24	10	4	10	4	7
05.02.2014	27.01.2014	31.01.2014	2501	42	24	10	4	9	4	7
29.01.2014	20.01.2014	24.01.2014	2503	42	23	11	4	9	4	7
22.01.2014	13.01.2014	17.01.2014	2502	41	23	10	5	10	4	7
15.01.2014	06.01.2014	10.01.2014	2503	40	23	10	5	10	5	7
08.01.2014	02.01.2014	03.01.2014	1003	41	23	10	5	10	5	6
01.01.2014	16.12.2014	20.12.2014	2508	42	24	10	5	10	4	5
17.12.2013	09.12.2013	13.12.2013	2505	42	24	9	4	10	5	6
11.12.2013	02.12.2013	06.12.2013	2504	43	24	9	3	10	5	6
04.12.2013	25.11.2013	29.11.2013	2507	42	23	10	3	10	5	7
27.11.2013	18.11.2013	22.11.2013	2500	42	23	9	3	10	5	8
20.11.2013	11.11.2013	15.11.2013	2501	41	24	10	4	10	5	6
13.11.2013	04.11.2013	08.11.2013	2501	41	24	9	4	10	5	7
06.11.2013	28.10.2013	01.11.2013	2500	42	25	9	3	9	5	7
30.10.2013	21.10.2013	25.10.2013	2501	42	24	9	4	9	5	7
23.10.2013	14.10.2013	18.10.2013	2500	43	25	8	4	9	5	6
16.10.2013	07.10.2013	11.10.2013	2501	44	24	8	4	8	6	6
09.10.2013	30.09.2013	04.10.2013	2000	45	24	8	3	8	6	6
01.10.2013	23.09.2013	27.09.2013	2499	42	25	8	4	9	5	7